%  Matlab mesh
% malhastarnonitwophase, Created by Gmsh
% ASCII
clear msh;
msh.nbNod = 81;
msh.POS = [
0 0 0;
1 0 0;
1 0.25 0;
1 0.5 0;
1 0.75 0;
1 1 0;
0 1 0;
0 0.75 0;
0 0.5 0;
0 0.25 0;
0.1249999999997731 0 0;
0.2499999999994109 0 0;
0.3749999999990461 0 0;
0.4999999999986921 0 0;
0.6249999999990109 0 0;
0.7499999999993406 0 0;
0.8749999999996703 0 0;
1 0.1249999999996735 0;
1 0.375 0;
1 0.625 0;
1 0.875 0;
0.8749999999995012 1 0;
0.7500000000003471 1 0;
0.625000000001214 1 0;
0.5000000000020595 1 0;
0.3750000000015609 1 0;
0.2500000000010405 1 0;
0.1250000000005203 1 0;
0 0.875 0;
0 0.625 0;
0 0.375 0;
0 0.1250000000005148 0;
0.1249999999997731 0.25 0;
0.2499999999994109 0.25 0;
0.3749999999990461 0.25 0;
0.4999999999986921 0.25 0;
0.6249999999990109 0.25 0;
0.7499999999993406 0.25 0;
0.8749999999996703 0.25 0;
0.1249999999997731 0.5 0;
0.2499999999994109 0.5 0;
0.3749999999990461 0.5 0;
0.4999999999986921 0.5 0;
0.6249999999990109 0.5 0;
0.7499999999993406 0.5 0;
0.8749999999996703 0.5 0;
0.1249999999997731 0.75 0;
0.2499999999994109 0.75 0;
0.3749999999990461 0.75 0;
0.4999999999986921 0.75 0;
0.6249999999990109 0.75 0;
0.7499999999993406 0.75 0;
0.8749999999996703 0.75 0;
0.2507984311870756 0.124872602113902 0;
0.5009169988289821 0.1248643953095878 0;
0.7510672520992319 0.1244275452280782 0;
0.12605353424919 0.1247740477944224 0;
0.6256737252774391 0.1248016377101965 0;
0.3762568571995877 0.1248586338982326 0;
0.8754184178894225 0.124643435648683 0;
0.3737456616145031 0.3748745642023627 0;
0.6247514380793597 0.3747293469620745 0;
0.2491886374463569 0.3748641399278728 0;
0.7511366899749174 0.3741042901213619 0;
0.4994553143868618 0.3749061335806089 0;
0.1241768608250087 0.3747338908931065 0;
0.8761896399015897 0.3743430184949599 0;
0.2487360059623344 0.6257987334093966 0;
0.5008398881072901 0.6250892822012729 0;
0.7510961020588809 0.6255107899450205 0;
0.625685494526151 0.6251460264917789 0;
0.3750431975878278 0.6251987045958282 0;
0.1237808016494837 0.6256211396348086 0;
0.8754293104687049 0.6253412457755327 0;
0.7509463032451008 0.8751449107176441 0;
0.5009792651459416 0.8750634332660231 0;
0.375300496092137 0.8751472358886671 0;
0.6256667840203237 0.8750578361601177 0;
0.2497490546894329 0.875248953078036 0;
0.8758768201754603 0.8752743329319059 0;
0.1240020472330051 0.8755585390735272 0;
];
msh.MAX = max(msh.POS);
msh.MIN = min(msh.POS);
msh.LINES =[
 1 11 0
 11 12 0
 12 13 0
 13 14 0
 14 15 0
 15 16 0
 16 17 0
 17 2 0
 2 18 0
 18 3 0
 3 19 0
 19 4 0
 4 20 0
 20 5 0
 5 21 0
 21 6 0
 6 22 0
 22 23 0
 23 24 0
 24 25 0
 25 26 0
 26 27 0
 27 28 0
 28 7 0
 7 29 0
 29 8 0
 8 30 0
 30 9 0
 9 31 0
 31 10 0
 10 32 0
 32 1 0
 10 33 0
 33 34 0
 34 35 0
 35 36 0
 36 37 0
 37 38 0
 38 39 0
 39 3 0
 9 40 0
 40 41 0
 41 42 0
 42 43 0
 43 44 0
 44 45 0
 45 46 0
 46 4 0
 8 47 0
 47 48 0
 48 49 0
 49 50 0
 50 51 0
 51 52 0
 52 53 0
 53 5 0
];
msh.QUADS =[
 35 59 55 36 0
 37 58 56 38 0
 54 34 33 57 0
 54 57 11 12 0
 59 35 34 54 0
 58 37 36 55 0
 12 13 59 54 0
 14 15 58 55 0
 55 59 13 14 0
 56 58 15 16 0
 16 17 60 56 0
 18 3 39 60 0
 38 56 60 39 0
 33 10 32 57 0
 17 2 18 60 0
 1 11 57 32 0
 43 42 61 65 0
 45 44 62 64 0
 63 34 35 61 0
 63 61 42 41 0
 65 62 44 43 0
 64 67 46 45 0
 37 62 65 36 0
 39 67 64 38 0
 61 35 36 65 0
 62 37 38 64 0
 41 40 66 63 0
 34 63 66 33 0
 33 66 31 10 0
 31 66 40 9 0
 39 3 19 67 0
 67 19 4 46 0
 49 72 69 50 0
 51 71 70 52 0
 68 73 40 41 0
 68 48 47 73 0
 72 49 48 68 0
 71 51 50 69 0
 41 42 72 68 0
 43 44 71 69 0
 69 72 42 43 0
 70 71 44 45 0
 52 70 74 53 0
 46 4 20 74 0
 45 46 74 70 0
 30 73 47 8 0
 53 74 20 5 0
 73 30 9 40 0
 27 79 77 26 0
 51 52 75 78 0
 76 25 26 77 0
 76 77 49 50 0
 78 76 50 51 0
 79 27 28 81 0
 25 76 78 24 0
 47 48 79 81 0
 75 23 24 78 0
 77 79 48 49 0
 52 53 80 75 0
 23 75 80 22 0
 22 80 21 6 0
 53 5 21 80 0
 28 7 29 81 0
 81 29 8 47 0
];
msh.PNT =[
 1 0
 2 0
 3 0
 4 0
 5 0
 6 0
 7 0
 8 0
 9 0
 10 0
];
